8015730
6656881
7563051
7563051
7355608
7820788
7790007
7235013
6444668
6629025
3750439
2579233
3642795
7038894
8110555
7548536
6178421
7886069
8166613
2768562
2125181
6222512
7685667
7182441
6872574
7459923
5231752
7339316
7137679
5881921
7569389
2802497
6614897
6843579
6020557
7873216
6947575
5436018
7436516
8072368
7611828
7607414
7098952
6484163
3669025
5725855
6832212
6728553
6837765
7961726
5374263
3591242
6353549
4421945
1883921
5965866
7539862
2131889
8039712
7255862
7276646
7864699
7551077
7817694
7531339
6992001
8030838
7996573
7522555
7177725
7910601
7538436
6978486
7788278
3442755
7765339
6568589
3773126
2375337
7920319
7758687
6351591
7672344
7470579
3949653
7447170
7888049
8056320
7762735
3855442
2369961
7919631
7189492
2796510
7318605
5349214
6129627
2999720
2872372
6151471
6166994
8050092
6660439
7233121
7452090
3704020
6734327
7126415
2663865
6057712
7537477
6948861
1939364
5233738
7036208
5712708
8198340
3995762
6198158
6856613
7200455
1869219
4990678
8052342
7665858
7619146
3981783
3981126
6139370
8121937
7046814
7715397
6759963
5662538
7647558
7237592
7794920
4678528
7482476
6572896
7283684
7456453
6999604
6301063
5238355
3979506
6658134
2081491
7026344
3705485
4577911
7099579
7636440
4294355
3247157
5477413
7707552
6546777
2890704
7254299
3198079
7509824
2766408
6166848
7455630
6354336
1382994
8039201
7282242
7183424
5103066
7550279
7126145
7682056
7487499
7658599
7764671
4094174
7357777
3263987
6593510
5212270
7698073
6698673
7982272
2616236
7664860
7776094
5828346
2767088
4510788
2094799
5433995
6432073
3646960
5685798
7314752
8062584
6836750
6083402
2003898
6543543
8044631
7639361
6401708
7535868
2267801
7442808
7553147
3406303
6611312
7605958
7991090
7607115
6202805
7513554
2972406
6120259
5608384
4340581
3461191
7256128
6169929
5323004
7437546
7053853
6571526
5060201
5722815
5261772
5235148
2988599
4052664
7725524
7966820
8109219
4062604
6812671
6683729
7508535
7889129
7737619
7691854
6590894
3661818
7274333
6809192
2859452
7810470
7763676
7095984
7213339
5018858
3073138
8070539
4431291
8083772
4784823
7046659
2880756
3383689
8173807
5229044
7555397
6733733
5497195
8008064
7731861
2926841
7069044
7889201
7603289
7310467
4741073
7859965
7782264
5499836
7703889
2777325
7292188
7641209
7235197
2032955
4770127
7733329
5670836
7662975
7613692
5401571
8057903
5466261
7608413
7381475
4268967
7827085
7174989
4722999
6355326
5818807
8028742
4772962
7109923
6594738
7660182
7019098
2700573
8085652
6693676
7222583
3741648
7948002
2932571
7358717
4913206
7954672
5616457
7622527
5168437
7235113
3030844
6494751
7220895
5547146
6760277
7222539
7579610
4009865
2248261
7159618
7878326
7818921
6997058
7908628
3691434
7315692
7230851
1822694
7812793
4952071
8005843
7863290
7880047
5526847
8171484
7842153
7470898
7602035
6405122
7657035
6306903
5570320
6673216
7453325
6980596
7976452
3438721
4601815
7558420
4589204
5644698
7560263
6353466
3191034
5268615
7137169
5252746
6861450
5634252
6321361
7631685
3782061
7302468
7713699
7223219
7183856
7603094
7924218
6981443
4709796
5341784
3697115
6770319
7559788
7512333
3314491
4529848
6286008
8173384
4137401
8053160
7529735
7609877
6634493
7580968
4864771
3268236
6133546
6392369
7535620
6762143
7673675
2955066
2919814
7916106
5617073
3282741
7528134
3129932
6717718
4623130
3272149
7831197
6835376
6474309
7200755
7520278
6666035
2853684
7478367
8065598
7734559
6764686
6770865
8116298
6056465
7749785
5875210
2680880
6448496
7974444
2162119
7160168
5320507
2749138
6860890
5528013
7959013
6314446
6637840
7042767
7596129
1875450
6985510
8065595
3773334
5842474
7627254
7807629
7896858
6773960
8083673
2433734
3057574
6080166
4324545
7693307
7329546
3215764
7599960
6251290
6144139
7962164
2258894
7439075
6828111
5976002
7874653
6442226
8019504
2165171
4413377
5555484
6498310
7478573
1942973
1995364
5700026
7245815
5326884
7093160
3086556
7664517
4053112
7198688
6631541
6323156
8035948
7627731
2428007
7682348
7367477
8085936
7585233
6866493
6931611
1486450
7764798
4678745
7345802
3671347
3236853
3202952
7258606
6360224
1988496
5946401
8091563
7885070
3245350
6059604
7662994
7610514
7768008
4090575
5518554
6976820
5281428
2278897
7955404
5384493
7936154
5011139
6013109
7321299
7971717
3182029
7240450
5997051
6715415
7473579
3266034
6377137
1761980
2419995
3703036
3074890
2577572
5840666
5207145
5644609
6824040
7847737
7072410
5333171
5585175
7368244
1974429
2871181
6719272
6833790
7018700
4303133
5338069
6903570
3017567
3839905
7801238
2670435
6126017
4794142
6843361
7916138
7353597
7754211
7189947
6676539
3482426
3538936
7704306
6719937
6685719
4241747
5254625
7932413
6580979
2532460
6940298
7178014
5384396
4625348
3545776
7689663
1664610
7703205
3677069
8104216
7434553
6759215
6022979
5230464
6368419
4282173
2962368
7834539
5985200
7270672
5582035
2043380
4218409
3344274
6970434
2206092
7450069
2822885
7664559
3685204
6217955
7902442
5372876
2155090
1905564
3396310
7950832
7039226
6524135
5714339
6948025
7332956
4697631
2853099
7648798
6961514
7518722
6117410
7922742
4549537
6085604
7821755
7618489
7522256
3389120
3324351
1805350
7994036
6859138
7678765
7031809
6538508
4330160
6666282
3654732
6370408
8107113
7263676
7307226
6421715
7571664
1997942
2457657
7445595
2257305
8085613
7794403
3711350
1749368
2963469
5560659
7449428
7440728
2712598
6647128
5848237
7564566
7874454
6733834
7689740
5991548
3205804
6202776
5653117
6545369
1955008
5015527
7062414
7593857
6943710
4424435
7942522
8068626
7175206
2677442
4294437
7284158
6991850
7115226
3427263
7175458
6935319
7439234
